# 299 балластных блог-статей, распубликованы 2026-05-12
# При синхах БД эти IDs должны оставаться published=0
# Источник: temp_back/blog_audit/blog_балласт.csv

3702
3685
5716
5067
6997
3431
7011
3703
3687
615
6995
1403
5331
4821
6250
3712
4807
5525
4695
3713
3650
5282
8648
8837
8844
8653
8657
8669
7974
8692
8854
6167
3538
6244
5594
3680
5600
6149
6239
6169
598
4779
6990
5493
4726
6983
5496
624
3644
5714
3449
4812
5580
1406
5064
3711
5722
5533
3434
635
3433
6178
297
634
1424
4697
1419
3547
7015
4816
6985
3674
633
3447
6996
5026
4770
5613
6161
5597
1415
3663
3691
3722
6248
4820
3699
6194
6157
4813
5353
600
5281
3652
8647
8838
8839
8650
574
8656
8848
8850
8675
8679
8685
3541
8688
5280
3705
569
3451
6148
4736
7001
6193
3723
6240
6138
3697
7014
4738
3679
5569
1423
1386
5283
3710
5540
3716
616
5532
1402
6994
6243
3696
5394
3549
3653
3667
3718
3736
5012
7025
3657
3686
3695
3706
7000
5570
625
6144
5615
5568
5292
6174
6137
4822
5595
6998
5354
3734
5386
5388
3721
6185
6154
1390
6251
6136
606
3440
6172
1420
6165
4783
4744
5528
6182
6159
3700
8663
8672
8678
8694
7016
3661
3728
3666
3714
6151
3643
6237
6142
3540
1401
6245
6147
6186
6153
4745
6253
6191
6233
3704
3678
5527
3444
7070
5009
3693
1412
6143
7067
7084
3642
5350
3689
5384
373
5392
3544
3664
3645
6192
6141
5614
7023
7211
7051
7034
6134
6181
3655
3737
3662
1414
6140
5357
7214
4739
3688
5718
6158
6183
6173
6135
5593
5715
4698
4699
7065
5279
6146
3546
3656
7028
8841
8842
8659
8687
5351
6190
4804
6168
5213
3724
6145
7036
3725
6235
7033
3698
7008
6189
6179
4701
7012
7019
6176
7027
3675
3649
7022
3543
7031
6252
6187
7040
7216
1418
5717
4724
3733
6170
3708
3717
3730
5592
